   #  X       C:/Users/Gebruiker/source/repos/AircraftAerodynamics/AircraftAerodynamics/Assignment1/NACA6409_xz.dat-Re= 1000000-Alpha= 8.00-NCrit=  9.0-XTrTop=0.035-XtrBot=1.000         X       C:/Users/Gebruiker/source/repos/AircraftAerodynamics/AircraftAerodynamics/Assignment1/NACA6409_xz.dat-Re= 1000000-Alpha= 8.00_Inviscid    
            1        0.06884418              1         0.3541525  
    0.9857757        0.06836799      0.9857757         0.1192671  
     0.955668        0.06931005       0.955668       -0.03986639  
    0.9222069        0.03688234      0.9222069        -0.1620341  
    0.8882411       -0.02561785      0.8882411        -0.2634453  
    0.8541408        -0.1069875      0.8541408        -0.3526755  
    0.8198612        -0.1958174      0.8198612        -0.4343256  
    0.7854927        -0.2844927      0.7854927        -0.5122152  
    0.7510182        -0.3689501      0.7510182        -0.5853537  
    0.7164357        -0.4492804      0.7164357        -0.6568493  
    0.6817824        -0.5258348      0.6817824        -0.7267898  
    0.6470593        -0.5994447      0.6470593        -0.7957018  
    0.6122737        -0.6711191      0.6122737        -0.8643444  
    0.5774275        -0.7421111      0.5774275         -0.933883  
    0.5425519        -0.8137503      0.5425519         -1.005701  
    0.5077181         -0.886969      0.5077181         -1.080697  
    0.4728139        -0.9603706      0.4728139         -1.155148  
    0.4378284          -1.04547      0.4378284         -1.245805  
    0.4032522         -1.148771      0.4032522         -1.362332  
    0.3692861         -1.248284      0.3692861         -1.473814  
    0.3357056         -1.333936      0.3357056         -1.569341  
    0.3022479         -1.399523      0.3022479         -1.641764  
    0.2688885         -1.458601      0.2688885         -1.709859  
    0.2358028         -1.512041      0.2358028         -1.774483  
    0.2030753         -1.558775      0.2030753         -1.834598  
     0.170758         -1.600626       0.170758         -1.893291  
    0.1390381         -1.643218      0.1390381          -1.95952  
    0.1081764         -1.687015      0.1081764         -2.038097  
   0.07860758         -1.751036     0.07860758         -2.154824  
   0.05178732         -1.858488     0.05178732         -2.334366  
   0.03028282         -2.097204     0.03028282         -2.654392  
   0.01656468         -2.368015     0.01656468         -3.097931  
  0.008260428         -2.736626    0.008260428         -3.563994  
  0.003431827         -3.151262    0.003431827         -4.602187  
 0.0008016789         -3.205612   0.0008016789         -4.934803  
-0.0002816831         -2.784113  -0.0002816831         -4.757763  
  0.000216686         -1.380092    0.000216686         -3.156345  
  0.002585229         0.3853441    0.002585229        -0.4154763  
  0.006916676         0.9467068    0.006916676         0.6937182  
   0.01364545         0.9803058     0.01364545         0.9904877  
   0.02394543         0.8642885     0.02394543         0.9659377  
   0.04053782         0.7237042     0.04053782         0.8515608  
   0.06621827         0.6124584     0.06621827         0.7375001  
   0.09826741         0.5492414     0.09826741         0.6613074  
    0.1330586         0.5139091      0.1330586         0.6165548  
    0.1688777         0.4953307      0.1688777         0.5890584  
    0.2048433         0.4842167      0.2048433         0.5719046  
    0.2404153         0.4771943      0.2404153           0.56021  
    0.2757477         0.4708367      0.2757477         0.5503939  
    0.3109623         0.4641336      0.3109623         0.5413151  
     0.345988         0.4561347       0.345988         0.5319176  
    0.3809731         0.4430763      0.3809731         0.5178973  
    0.4163404         0.4246155      0.4163404         0.4992488  
    0.4523626         0.4051895      0.4523626         0.4804986  
    0.4884935         0.3925363      0.4884935         0.4695662  
    0.5243799         0.3809799      0.5243799         0.4590888  
    0.5602784         0.3693161      0.5602784         0.4486117  
    0.5961609         0.3580031      0.5961609         0.4390428  
    0.6319807         0.3459799      0.6319807         0.4291291  
    0.6677873         0.3330398      0.6677873         0.4189179  
    0.7035655         0.3189111      0.7035655         0.4082975  
    0.7393312         0.3029443      0.7393312         0.3967651  
    0.7750867         0.2850154      0.7750867         0.3846496  
    0.8108211         0.2641017      0.8108211          0.371337  
    0.8465678         0.2392844      0.8465678          0.356934  
    0.8822899         0.2088467      0.8822899         0.3413441  
    0.9180044         0.1683214      0.9180044          0.324509  
    0.9533058         0.1128551      0.9533058         0.3078297  
    0.9851257      -0.007563973      0.9851257         0.3051337  
            1        0.06884418              1         0.3541525  

