  #   X       C:/Users/Gebruiker/source/repos/AircraftAerodynamics/AircraftAerodynamics/Assignment1/NACA6409_xz.dat-Re= 1000000-Alpha= 2.00-NCrit=  9.0-XTrTop=0.541-XtrBot=1.000         X       C:/Users/Gebruiker/source/repos/AircraftAerodynamics/AircraftAerodynamics/Assignment1/NACA6409_xz.dat-Re= 1000000-Alpha= 2.00_Inviscid    
            1         0.2115948              1         0.3264193  
    0.9857757         0.1507262      0.9857757         0.1036147  
     0.955668        0.03552638       0.955668       -0.03907648  
    0.9222069       -0.07264062      0.9222069        -0.1438229  
    0.8882411        -0.1638961      0.8882411        -0.2279697  
    0.8541408        -0.2407113      0.8541408        -0.2997526  
    0.8198612        -0.3077636      0.8198612        -0.3635413  
    0.7854927        -0.3685558      0.7854927        -0.4229284  
    0.7510182        -0.4230333      0.7510182        -0.4769016  
    0.7164357        -0.4734231      0.7164357        -0.5282975  
    0.6817824        -0.5194882      0.6817824        -0.5771013  
    0.6470593        -0.5607786      0.6470593        -0.6236804  
    0.6122737        -0.5970912      0.6122737         -0.668584  
    0.5774275        -0.6349084      0.5774275        -0.7126713  
    0.5425519        -0.7526907      0.5425519        -0.7569343  
    0.5077181        -0.7915897      0.5077181        -0.8018701  
    0.4728139        -0.8254734      0.4728139        -0.8438481  
    0.4378284        -0.8655771      0.4378284        -0.8966247  
    0.4032522        -0.9169463      0.4032522        -0.9674501  
    0.3692861        -0.9710283      0.3692861         -1.029591  
    0.3357056         -1.012332      0.3357056          -1.07362  
    0.3022479         -1.033136      0.3022479         -1.093458  
    0.2688885         -1.042576      0.2688885         -1.103584  
    0.2358028         -1.040877      0.2358028         -1.103537  
    0.2030753         -1.026172      0.2030753         -1.090829  
     0.170758        -0.9981717       0.170758         -1.065136  
    0.1390381        -0.9580402      0.1390381         -1.028672  
    0.1081764        -0.9023485      0.1081764        -0.9775454  
   0.07860758        -0.8330805     0.07860758        -0.9151221  
   0.05178732        -0.7404844     0.05178732        -0.8348264  
   0.03028282        -0.6416489     0.03028282        -0.7491212  
   0.01656468        -0.5089246     0.01656468        -0.6477949  
  0.008260428        -0.3408942    0.008260428        -0.4857645  
  0.003431827         -0.196006    0.003431827        -0.3946523  
 0.0008016789         0.1946498   0.0008016789       0.002932214  
-0.0002816831         0.6905282  -0.0002816831         0.5387562  
  0.000216686         0.9991838    0.000216686         0.9748069  
  0.002585229         0.7815595    0.002585229         0.8682789  
  0.006916676         0.3959872    0.006916676         0.5204853  
   0.01364545         0.2235853     0.01364545         0.3306447  
   0.02394543         0.1331535     0.02394543         0.2217058  
   0.04053782        0.09487681     0.04053782         0.1647789  
   0.06621827         0.1134573     0.06621827         0.1695028  
   0.09826741         0.1479808     0.09826741         0.1931871  
    0.1330586         0.1836146      0.1330586          0.223164  
    0.1688777         0.2145427      0.1688777         0.2499597  
    0.2048433         0.2407306      0.2048433         0.2738474  
    0.2404153         0.2619494      0.2404153         0.2936105  
    0.2757477         0.2780849      0.2757477         0.3082418  
    0.3109623         0.2897815      0.3109623         0.3187737  
     0.345988         0.2969976       0.345988         0.3252268  
    0.3809731         0.2968475      0.3809731         0.3227656  
    0.4163404         0.2893663      0.4163404         0.3127451  
    0.4523626         0.2799231      0.4523626         0.3021287  
    0.4884935         0.2770879      0.4884935         0.3012532  
    0.5243799         0.2750284      0.5243799          0.300033  
    0.5602784         0.2727752      0.5602784         0.2981718  
    0.5961609         0.2708243      0.5961609         0.2969497  
    0.6319807         0.2682087      0.6319807         0.2948868  
    0.6677873         0.2648423      0.6677873         0.2921948  
    0.7035655         0.2606073      0.7035655          0.288855  
    0.7393312         0.2551295      0.7393312          0.284399  
    0.7750867         0.2485939      0.7750867         0.2793622  
    0.8108211         0.2405375      0.8108211         0.2731805  
    0.8465678         0.2309174      0.8465678         0.2662023  
    0.8822899         0.2195336      0.8822899         0.2586008  
    0.9180044         0.2056987      0.9180044         0.2507632  
    0.9533058          0.190717      0.9533058         0.2451396  
    0.9851257         0.1749943      0.9851257          0.256992  
            1         0.2115948              1         0.3264193  

