   #  X       C:/Users/Gebruiker/source/repos/AircraftAerodynamics/AircraftAerodynamics/Assignment1/NACA2412_xz.dat-Re= 1000000-Alpha= 8.00-NCrit=  9.0-XTrTop=0.050-XtrBot=1.000         X       C:/Users/Gebruiker/source/repos/AircraftAerodynamics/AircraftAerodynamics/Assignment1/NACA2412_xz.dat-Re= 1000000-Alpha= 8.00_Inviscid    
            1         0.1527318              1         0.4199421  
    0.9848944         0.1301445      0.9848944         0.1655697  
    0.9564063         0.0800939      0.9564063        0.05078648  
    0.9210632        0.01223208      0.9210632       -0.04908618  
    0.8840385        -0.0586964      0.8840385        -0.1285273  
    0.8471098        -0.1252821      0.8471098        -0.1945941  
    0.8097847        -0.1880332      0.8097847        -0.2543349  
    0.7720215        -0.2485617      0.7720215        -0.3123286  
    0.7341141        -0.3076081      0.7341141        -0.3695845  
     0.696283        -0.3658449       0.696283        -0.4267179  
    0.6585873        -0.4244676      0.6585873        -0.4853638  
    0.6209875        -0.4830369      0.6209875        -0.5443781  
     0.583397        -0.5403742       0.583397        -0.6016987  
    0.5457188        -0.5969245      0.5457188        -0.6577012  
    0.5079472        -0.6561432      0.5079472         -0.716891  
    0.4702017        -0.7233408      0.4702017        -0.7864109  
    0.4326516         -0.797245      0.4326516        -0.8637344  
     0.395406        -0.8756532       0.395406        -0.9458971  
    0.3585065        -0.9581421      0.3585065          -1.03278  
     0.321951         -1.042739       0.321951         -1.122132  
    0.2856952         -1.127186      0.2856952         -1.211338  
    0.2497006         -1.212286      0.2497006         -1.301471  
    0.2140712          -1.30485      0.2140712         -1.400964  
    0.1789879         -1.409256      0.1789879          -1.51511  
    0.1447795         -1.533163      0.1447795         -1.654575  
    0.1122297         -1.683409      0.1122297         -1.833304  
   0.08226997         -1.816261     0.08226997          -1.99418  
   0.05696026         -2.100703     0.05696026         -2.287922  
   0.03818647         -2.526664     0.03818647         -2.604916  
   0.02506258         -2.761481     0.02506258         -2.978324  
   0.01583435         -3.080558     0.01583435          -3.50456  
  0.009334783         -3.188666    0.009334783         -3.615547  
  0.004936117         -3.251157    0.004936117         -3.723039  
  0.002093202         -3.235929    0.002093202         -3.779463  
 0.0004634568         -3.009098   0.0004634568         -3.606899  
 -6.772678e-5         -2.311059   -6.772678e-5         -2.913037  
 0.0005550516         -1.001275   0.0005550516         -1.448609  
  0.002364908        0.08822788    0.002364908        -0.1755592  
  0.005464136         0.6932253    0.005464136         0.5561382  
   0.01018713         0.9542481     0.01018713         0.9036645  
   0.01700999         0.9942131     0.01700999         0.9999582  
   0.02655088         0.9175265     0.02655088         0.9516082  
   0.03999023         0.7964813     0.03999023         0.8438134  
   0.05899119          0.657686     0.05899119         0.7110978  
   0.08462932         0.5424342     0.08462932         0.5947501  
    0.1166309         0.4507342      0.1166309         0.5009832  
    0.1515384         0.3773095      0.1515384         0.4247549  
    0.1873012         0.3294444      0.1873012         0.3752623  
    0.2241976         0.2959511      0.2241976         0.3395124  
     0.261662         0.2721029       0.261662         0.3141278  
     0.299738         0.2559743       0.299738         0.2970284  
    0.3383387         0.2388115      0.3383387         0.2784316  
    0.3769871         0.2222235      0.3769871         0.2610938  
    0.4154653         0.2077949      0.4154653         0.2463118  
    0.4538395         0.1958457      0.4538395         0.2342125  
    0.4922357         0.1864127      0.4922357         0.2247724  
    0.5307527         0.1802166      0.5307527         0.2189901  
    0.5694486         0.1762101      0.5694486         0.2156038  
    0.6083143         0.1727016      0.6083143          0.212738  
    0.6472753         0.1684656      0.6472753         0.2091181  
    0.6862572         0.1638848      0.6862572         0.2055892  
    0.7252332         0.1586363      0.7252332         0.2016444  
    0.7641836         0.1533005      0.7641836         0.1980828  
    0.8030062          0.149331      0.8030062         0.1968222  
    0.8415414         0.1480209      0.8415414         0.1998178  
    0.8798429         0.1479684      0.8798429         0.2056464  
    0.9183302         0.1474211      0.9183302         0.2132546  
    0.9551316         0.1478776      0.9551316         0.2290802  
    0.9845601         0.1544732      0.9845601         0.2648646  
            1         0.1527318              1         0.4199421  

