#     X       C:/Users/Gebruiker/source/repos/AircraftAerodynamics/AircraftAerodynamics/Assignment1/NACA0009_xz.dat-Re= 1000000-Alpha= 2.00-NCrit=  9.0-XTrTop=0.456-XtrBot=0.962         X       C:/Users/Gebruiker/source/repos/AircraftAerodynamics/AircraftAerodynamics/Assignment1/NACA0009_xz.dat-Re= 1000000-Alpha= 2.00_Inviscid    
            1         0.2385673              1          0.409412  
      0.99572         0.1934136        0.99572         0.2401809  
      0.98296         0.1355133        0.98296          0.138991  
      0.96194        0.07824525        0.96194        0.07289924  
      0.93301        0.03263814        0.93301        0.02867696  
      0.89668       -0.00513173        0.89668      -0.008757721  
      0.85355       -0.03774742        0.85355       -0.04114576  
      0.80438       -0.06883207        0.80438       -0.07268408  
         0.75       -0.09999444           0.75        -0.1049572  
      0.69134        -0.1302924        0.69134        -0.1370135  
      0.62941        -0.1609883        0.62941        -0.1709967  
      0.56526        -0.1924733        0.56526        -0.2063723  
          0.5        -0.2335992            0.5        -0.2441697  
      0.43474        -0.2925284        0.43474        -0.2837769  
      0.37059        -0.3281201        0.37059        -0.3267569  
      0.33928        -0.3485489        0.33928          -0.34889  
      0.30866        -0.3703062        0.30866         -0.372125  
      0.27886        -0.3932883        0.27886        -0.3971291  
         0.25        -0.4152455           0.25        -0.4185843  
      0.22221        -0.4397144        0.22221         -0.444589  
      0.19562        -0.4639204        0.19562        -0.4688032  
      0.17033        -0.4902733        0.17033        -0.4965035  
      0.14645         -0.516575        0.14645        -0.5233625  
      0.12408        -0.5442097        0.12408        -0.5529934  
      0.10332        -0.5700081        0.10332        -0.5795951  
      0.08427         -0.597575        0.08427        -0.6067106  
      0.06699         -0.634478        0.06699        -0.6440056  
      0.05156        -0.6847558        0.05156        -0.6944583  
      0.03806         -0.751802        0.03806        -0.7679019  
      0.02653        -0.8157385        0.02653        -0.8373844  
      0.01704        -0.8310059        0.01704        -0.8670293  
      0.00961        -0.7180334        0.00961        -0.7529036  
      0.00428        -0.4286387        0.00428        -0.4738768  
      0.00107       -0.09052141        0.00107        -0.1298972  
            0         0.5415235              0          0.498012  
      0.00107         0.9998998        0.00107         0.9991608  
      0.00428         0.8464536        0.00428         0.8556974  
      0.00961         0.5650283        0.00961         0.5794023  
      0.01704         0.3249269        0.01704         0.3361194  
      0.02653         0.1715516        0.02653         0.1858148  
      0.03806        0.08692789        0.03806        0.09750844  
      0.05156        0.03280238        0.05156        0.04463973  
      0.06699      -0.008219379        0.06699       0.001576383  
      0.08427        -0.0433445        0.08427       -0.03413655  
      0.10332       -0.07359961        0.10332       -0.06543677  
      0.12408        -0.0965585        0.12408       -0.08883614  
      0.14645        -0.1110989        0.14645        -0.1033592  
      0.17033        -0.1215723        0.17033        -0.1143924  
      0.19562        -0.1274963        0.19562         -0.120328  
      0.22221        -0.1318123        0.22221        -0.1252512  
         0.25         -0.132521           0.25         -0.125731  
      0.27886        -0.1332064        0.27886        -0.1272663  
      0.30866        -0.1301529        0.30866        -0.1237715  
      0.33928        -0.1260785        0.33928        -0.1198034  
      0.37059         -0.121365        0.37059        -0.1153474  
      0.43474        -0.1091359        0.43474        -0.1031559  
          0.5        -0.0951789            0.5       -0.08929117  
      0.56526       -0.07966375        0.56526       -0.07370163  
      0.62941       -0.06352102        0.62941       -0.05761448  
      0.69134       -0.04665332        0.69134       -0.04064907  
         0.75       -0.02954587           0.75       -0.02370413  
      0.80438       -0.01153323        0.80438      -0.005100067  
      0.85355       0.006120521        0.85355        0.01405565  
      0.89668        0.02162497        0.89668        0.03508068  
      0.93301        0.03268047        0.93301        0.06193144  
      0.96194        0.03992188        0.96194        0.09633667  
      0.98296         0.1480629        0.98296          0.153241  
      0.99572         0.2144059        0.99572         0.2464697  
            1         0.2385673              1          0.409412  

