    # X       C:/Users/Gebruiker/source/repos/AircraftAerodynamics/AircraftAerodynamics/Assignment1/NACA2412_xz.dat-Re= 1000000-Alpha= 5.00-NCrit=  9.0-XTrTop=0.267-XtrBot=1.000         X       C:/Users/Gebruiker/source/repos/AircraftAerodynamics/AircraftAerodynamics/Assignment1/NACA2412_xz.dat-Re= 1000000-Alpha= 5.00_Inviscid    
            1         0.1757791              1         0.4107677  
    0.9848944         0.1367719      0.9848944         0.1626254  
    0.9564063        0.06459101      0.9564063        0.05502519  
    0.9210632       -0.01375415      0.9210632       -0.03647492  
    0.8840385       -0.08331943      0.8840385        -0.1076905  
    0.8471098        -0.1423408      0.8471098        -0.1656897  
    0.8097847        -0.1952198      0.8097847        -0.2172476  
    0.7720215        -0.2453525      0.7720215         -0.266728  
    0.7341141        -0.2938944      0.7341141        -0.3150678  
     0.696283        -0.3415362       0.696283        -0.3628139  
    0.6585873        -0.3894741      0.6585873        -0.4114464  
    0.6209875        -0.4368886      0.6209875        -0.4597666  
     0.583397        -0.4821942       0.583397        -0.5057242  
    0.5457188        -0.5256448      0.5457188        -0.5495751  
    0.5079472        -0.5706883      0.5079472        -0.5953989  
    0.4702017        -0.6225684      0.4702017        -0.6495937  
    0.4326516        -0.6789514      0.4326516        -0.7094865  
     0.395406        -0.7364564       0.395406        -0.7720095  
    0.3585065          -0.79368      0.3585065        -0.8366507  
     0.321951          -0.85182       0.321951        -0.9008655  
    0.2856952        -0.9327027      0.2856952        -0.9616901  
    0.2497006         -1.007141      0.2497006         -1.019263  
    0.2140712         -1.056012      0.2140712         -1.079778  
    0.1789879          -1.11607      0.1789879         -1.145808  
    0.1447795         -1.187631      0.1447795          -1.22326  
    0.1122297         -1.269038      0.1122297         -1.318648  
   0.08226997         -1.335697     0.08226997         -1.379243  
   0.05696026         -1.457415     0.05696026         -1.518385  
   0.03818647         -1.572406     0.03818647         -1.646163  
   0.02506258         -1.710989     0.02506258         -1.786735  
   0.01583435         -1.854672     0.01583435          -1.99014  
  0.009334783         -1.735708    0.009334783         -1.873197  
  0.004936117         -1.581563    0.004936117         -1.727762  
  0.002093202         -1.353717    0.002093202         -1.519485  
 0.0004634568        -0.9862291   0.0004634568         -1.155087  
 -6.772678e-5        -0.3793042   -6.772678e-5        -0.5390377  
 0.0005550516         0.3731692   0.0005550516         0.2732156  
  0.002364908         0.8429727    0.002364908         0.7981974  
  0.005464136         0.9957622    0.005464136         0.9879159  
   0.01018713         0.9539793     0.01018713         0.9689598  
   0.01700999         0.8030148     0.01700999         0.8313324  
   0.02655088         0.6589295     0.02655088         0.6897798  
   0.03999023         0.5107515     0.03999023         0.5417648  
   0.05899119         0.3746354     0.05899119         0.4043945  
   0.08462932         0.2846678     0.08462932         0.3124581  
    0.1166309          0.222479      0.1166309         0.2475722  
    0.1515384         0.1715077      0.1515384         0.1942072  
    0.1873012         0.1450202      0.1873012         0.1670708  
    0.2241976         0.1300496      0.2241976         0.1507681  
     0.261662         0.1223639       0.261662         0.1423381  
     0.299738         0.1203769       0.299738         0.1403718  
    0.3383387         0.1150997      0.3383387          0.133821  
    0.3769871         0.1087944      0.3769871         0.1267834  
    0.4154653         0.1035587      0.4154653         0.1212309  
    0.4538395         0.1001002      0.4538395         0.1176305  
    0.4922357        0.09869735      0.4922357         0.1161759  
    0.5307527         0.1001994      0.5307527         0.1181346  
    0.5694486         0.1035692      0.5694486         0.1221529  
    0.6083143         0.1071641      0.6083143         0.1262179  
    0.6472753         0.1098737      0.6472753         0.1290249  
    0.6862572         0.1121608      0.6862572         0.1316138  
    0.7252332         0.1138792      0.7252332         0.1335266  
    0.7641836         0.1158041      0.7641836         0.1357262  
    0.8030062         0.1195353      0.8030062         0.1403373  
    0.8415414         0.1264304      0.8415414         0.1494688  
    0.8798429         0.1355739      0.8798429         0.1616784  
    0.9183302         0.1463888      0.9183302         0.1760892  
    0.9551316         0.1599115      0.9551316         0.1996484  
    0.9845601         0.1715945      0.9845601         0.2433686  
            1         0.1757791              1         0.4107677  

