   #  X       C:/Users/Gebruiker/source/repos/AircraftAerodynamics/AircraftAerodynamics/Assignment1/NACA6409_xz.dat-Re= 1000000-Alpha= 5.00-NCrit=  9.0-XTrTop=0.437-XtrBot=1.000         X       C:/Users/Gebruiker/source/repos/AircraftAerodynamics/AircraftAerodynamics/Assignment1/NACA6409_xz.dat-Re= 1000000-Alpha= 5.00_Inviscid    
            1          0.188914              1          0.338547  
    0.9857757         0.1546134      0.9857757         0.1090177  
     0.955668        0.06474196       0.955668       -0.04232638  
    0.9222069       -0.04248388      0.9222069        -0.1560771  
    0.8882411        -0.1436624      0.8882411        -0.2490656  
    0.8541408        -0.2328279      0.8541408        -0.3297242  
    0.8198612        -0.3122295      0.8198612        -0.4025512  
    0.7854927        -0.3850229      0.7854927        -0.4712621  
    0.7510182        -0.4516388      0.7510182        -0.5348514  
    0.7164357         -0.514618      0.7164357        -0.5962969  
    0.6817824        -0.5744139      0.6817824        -0.6556323  
    0.6470593        -0.6314924      0.6470593        -0.7133015  
    0.6122737        -0.6862679      0.6122737        -0.7699552  
    0.5774275         -0.739102      0.5774275        -0.8266013  
    0.5425519        -0.7899667      0.5425519        -0.8844213  
    0.5077181        -0.8382237      0.5077181        -0.9441022  
    0.4728139        -0.8878756      0.4728139         -1.001948  
    0.4378284         -1.065205      0.4378284         -1.073208  
    0.4032522         -1.114513      0.4032522         -1.166314  
    0.3692861          -1.16807      0.3692861         -1.252381  
    0.3357056         -1.224808      0.3357056         -1.321204  
    0.3022479         -1.268125      0.3022479         -1.366129  
    0.2688885         -1.302809      0.2688885         -1.403722  
    0.2358028         -1.329148      0.2358028         -1.434086  
    0.2030753         -1.345884      0.2030753         -1.455318  
     0.170758         -1.353917       0.170758         -1.468563  
    0.1390381         -1.356682      0.1390381          -1.47898  
    0.1081764          -1.35439      0.1081764         -1.486279  
   0.07860758          -1.35566     0.07860758         -1.503354  
   0.05178732          -1.36531     0.05178732         -1.535972  
   0.03028282          -1.41498     0.03028282         -1.622178  
   0.01656468         -1.465648     0.01656468         -1.743229  
  0.008260428         -1.514195    0.008260428         -1.822189  
  0.003431827         -1.690484    0.003431827         -2.155449  
 0.0008016789          -1.41166   0.0008016789         -1.957353  
-0.0002816831        -0.8167151  -0.0002816831         -1.376081  
  0.000216686         0.2161566    0.000216686        -0.2104958  
  0.002585229          0.941465    0.002585229         0.8286295  
  0.006916676         0.9572365    0.006916676         0.9951535  
   0.01364545         0.7853855     0.01364545         0.8698236  
   0.02394543         0.6259668     0.02394543         0.7147193  
   0.04053782         0.4939308     0.04053782         0.5768723  
   0.06621827         0.4230009     0.06621827         0.4919038  
   0.09826741         0.3911318     0.09826741         0.4507471  
    0.1330586         0.3835545      0.1330586         0.4354943  
    0.1688777         0.3836528      0.1688777         0.4306058  
    0.2048433         0.3876296      0.2048433         0.4311045  
    0.2404153         0.3922044      0.2404153         0.4332169  
    0.2757477         0.3951888      0.2757477         0.4342641  
    0.3109623          0.396217      0.3109623         0.4339775  
     0.345988         0.3947051       0.345988         0.4317271  
    0.3809731         0.3871751      0.3809731         0.4228856  
    0.4163404         0.3736021      0.4163404         0.4080583  
    0.4523626         0.3588583      0.4523626         0.3929355  
    0.4884935         0.3509536      0.4884935         0.3866242  
    0.5243799         0.3440885      0.5243799         0.3804229  
    0.5602784         0.3371777      0.5602784         0.3739425  
    0.5961609         0.3306857      0.5961609         0.3682689  
    0.6319807         0.3236066      0.6319807         0.3620308  
    0.6677873         0.3158265      0.6677873         0.3553518  
    0.7035655          0.307183      0.7035655         0.3481625  
    0.7393312          0.297211      0.7393312         0.3399731  
    0.7750867         0.2860062      0.7750867         0.3312129  
    0.8108211         0.2729399      0.8108211         0.3212894  
    0.8465678         0.2577232      0.8465678         0.3104276  
    0.8822899         0.2397418      0.8822899         0.2986633  
    0.9180044         0.2172545      0.9180044         0.2861583  
    0.9533058         0.1899267      0.9533058          0.274838  
    0.9851257         0.1468452      0.9851257         0.2792904  
            1          0.188914              1          0.338547  

