     #X       C:/Users/Gebruiker/source/repos/AircraftAerodynamics/AircraftAerodynamics/Assignment1/NACA0009_xz.dat-Re= 1000000-Alpha= 8.00-NCrit=  9.0-XTrTop=0.015-XtrBot=1.000         X       C:/Users/Gebruiker/source/repos/AircraftAerodynamics/AircraftAerodynamics/Assignment1/NACA0009_xz.dat-Re= 1000000-Alpha= 8.00_Inviscid    
            1         0.1500097              1          0.420145  
      0.99572          0.130723        0.99572         0.2446029  
      0.98296        0.09891362        0.98296         0.1332583  
      0.96194        0.05548927        0.96194        0.05438823  
      0.93301       0.007460922        0.93301      -0.004127364  
      0.89668       -0.04275769        0.89668       -0.05733275  
      0.85355       -0.09303003        0.85355        -0.1069919  
      0.80438        -0.1444533        0.80438        -0.1576397  
         0.75        -0.1983565           0.75        -0.2113078  
      0.69134        -0.2547738        0.69134        -0.2673892  
      0.62941        -0.3159021        0.62941        -0.3288311  
      0.56526        -0.3823951        0.56526        -0.3958482  
          0.5        -0.4562399            0.5        -0.4707165  
      0.43474        -0.5384767        0.43474        -0.5541605  
      0.37059        -0.6330023        0.37059        -0.6507441  
      0.33928        -0.6853889        0.33928        -0.7042589  
      0.30866        -0.7419096        0.30866          -0.76215  
      0.27886        -0.8039508        0.27886        -0.8263917  
         0.25        -0.8675811           0.25        -0.8907103  
      0.22221        -0.9409455        0.22221        -0.9667878  
      0.19562         -1.019636        0.19562         -1.047403  
      0.17033          -1.11021        0.17033         -1.141532  
      0.14645         -1.210529        0.14645         -1.245365  
      0.12408         -1.326966        0.12408         -1.367243  
      0.10332         -1.456835        0.10332         -1.502515  
      0.08427         -1.609593        0.08427         -1.661995  
      0.06699          -1.80702        0.06699         -1.871388  
      0.05156         -2.069676        0.05156         -2.153358  
      0.03806         -2.444313        0.03806         -2.558328  
      0.02653         -2.947565        0.02653         -3.089321  
      0.01704         -3.686811        0.01704         -3.754519  
      0.00961         -4.243183        0.00961         -4.401044  
      0.00428         -4.800247        0.00428         -5.016831  
      0.00107         -6.009426        0.00107         -6.233431  
            0         -6.273099              0         -6.982991  
      0.00107         -1.538592        0.00107         -1.772044  
      0.00428         0.3204112        0.00428         0.2368797  
      0.00961         0.8890137        0.00961         0.8634604  
      0.01704         0.9999004        0.01704         0.9996308  
      0.02653         0.9430594        0.02653         0.9537722  
      0.03806         0.8465284        0.03806         0.8612749  
      0.05156          0.750735        0.05156         0.7671314  
      0.06699         0.6630219        0.06699         0.6795796  
      0.08427          0.583851        0.08427         0.6004873  
      0.10332         0.5130036        0.10332         0.5291424  
      0.12408          0.451028        0.12408         0.4668386  
      0.14645          0.398851        0.14645          0.414246  
      0.17033         0.3535203        0.17033         0.3683505  
      0.19562         0.3150836        0.19562         0.3295704  
      0.22221          0.281141        0.22221         0.2950509  
         0.25         0.2527506           0.25         0.2664768  
      0.27886         0.2268749        0.27886         0.2399508  
      0.30866         0.2061283        0.30866         0.2192001  
      0.33928          0.188187        0.33928         0.2009593  
      0.37059         0.1722171        0.37059          0.184624  
      0.43474          0.147423        0.43474         0.1595493  
          0.5         0.1293732            0.5         0.1412742  
      0.56526         0.1165744        0.56526           0.12839  
      0.62941         0.1074541        0.62941         0.1191898  
      0.69134         0.1016405        0.69134         0.1133875  
         0.75        0.09823415           0.75         0.1097577  
      0.80438          0.098201        0.80438         0.1094134  
      0.85355           0.10132        0.85355         0.1111323  
      0.89668         0.1096719        0.89668         0.1158913  
      0.93301         0.1265976        0.93301         0.1272751  
      0.96194         0.1446037        0.96194         0.1469994  
      0.98296         0.1508184        0.98296         0.1895659  
      0.99572         0.1514445        0.99572         0.2694527  
            1         0.1500097              1          0.420145  

