    # X       C:/Users/Gebruiker/source/repos/AircraftAerodynamics/AircraftAerodynamics/Assignment1/NACA2412_xz.dat-Re= 1000000-Alpha= 2.00-NCrit=  9.0-XTrTop=0.518-XtrBot=0.962         X       C:/Users/Gebruiker/source/repos/AircraftAerodynamics/AircraftAerodynamics/Assignment1/NACA2412_xz.dat-Re= 1000000-Alpha= 2.00_Inviscid    
            1         0.2108855              1         0.4047723  
    0.9848944         0.1583656      0.9848944          0.164268  
    0.9564063        0.07619454      0.9564063        0.06441595  
    0.9210632      -0.000742759      0.9210632       -0.01830035  
    0.8840385        -0.0631049      0.8840385       -0.08104083  
    0.8471098        -0.1132499      0.8471098        -0.1308366  
    0.8097847        -0.1566882      0.8097847        -0.1741541  
    0.7720215        -0.1970539      0.7720215        -0.2151231  
    0.7341141        -0.2352738      0.7341141        -0.2546071  
     0.696283        -0.2716734       0.696283        -0.2930867  
    0.6585873        -0.3069172      0.6585873        -0.3318887  
    0.6209875        -0.3393592      0.6209875        -0.3697761  
     0.583397        -0.3682516       0.583397        -0.4047309  
    0.5457188         -0.407303      0.5457188        -0.4369038  
    0.5079472        -0.4892592      0.5079472        -0.4699577  
    0.4702017        -0.5153209      0.4702017        -0.5095635  
    0.4326516        -0.5472971      0.4326516        -0.5529556  
     0.395406         -0.583876       0.395406        -0.5970241  
    0.3585065        -0.6229241      0.3585065        -0.6409382  
     0.321951         -0.660865       0.321951        -0.6819617  
    0.2856952        -0.6941535      0.2856952        -0.7169152  
    0.2497006         -0.721781      0.2497006        -0.7452017  
    0.2140712        -0.7464992      0.2140712        -0.7711069  
    0.1789879        -0.7690758      0.1789879        -0.7950386  
    0.1447795        -0.7913453      0.1447795        -0.8191177  
    0.1122297        -0.8084334      0.1122297        -0.8441804  
   0.08226997        -0.7893277     0.08226997         -0.823475  
   0.05696026        -0.7967335     0.05696026        -0.8394721  
   0.03818647        -0.7709819     0.03818647        -0.8232725  
   0.02506258        -0.7405522     0.02506258        -0.7944055  
   0.01583435        -0.6942463     0.01583435        -0.7722793  
  0.009334783        -0.4508653    0.009334783        -0.5303499  
  0.004936117         -0.187858    0.004936117        -0.2665372  
  0.002093202         0.1126807    0.002093202        0.03168874  
 0.0004634568         0.4527581   0.0004634568         0.3827536  
 -6.772678e-5         0.7984742   -6.772678e-5         0.7503808  
 0.0005550516         0.9916536   0.0005550516         0.9809855  
  0.002364908         0.9483573    0.002364908         0.9650256  
  0.005464136         0.7673956    0.005464136          0.800481  
   0.01018713         0.5212859     0.01018713         0.5614101  
   0.01700999         0.2733684     0.01700999         0.3165322  
   0.02655088         0.1618801     0.02655088         0.2035505  
   0.03999023        0.05050052     0.03999023        0.08453085  
   0.05899119       -0.03961898     0.05899119      -0.007811484  
   0.08462932       -0.06814143     0.08462932        -0.0393758  
    0.1166309       -0.07814329      0.1166309       -0.05280568  
    0.1515384       -0.09148666      0.1515384       -0.07000351  
    0.1873012       -0.08711148      0.1873012       -0.06583745  
    0.2241976        -0.0764439      0.2241976        -0.0564671  
     0.261662       -0.06273945       0.261662       -0.04343837  
     0.299738       -0.04675217       0.299738       -0.02687309  
    0.3383387       -0.03699008      0.3383387       -0.01883197  
    0.3769871       -0.03053591      0.3769871       -0.01357248  
    0.4154653       -0.02469184      0.4154653      -0.008281262  
    0.4538395       -0.01821072      0.4538395      -0.002046963  
    0.4922357       -0.01046998      0.4922357       0.005609043  
    0.5307527     -0.0005138066      0.5307527        0.01626888  
    0.5694486        0.01066221      0.5694486        0.02851306  
    0.6083143        0.02154916      0.6083143        0.04021485  
    0.6472753        0.03122922      0.6472753        0.05006221  
    0.6862572        0.04016045      0.6862572        0.05930692  
    0.7252332        0.04833759      0.7252332        0.06755439  
    0.7641836        0.05654317      0.7641836        0.07594062  
    0.8030062        0.06610117      0.8030062        0.08679678  
    0.8415414        0.07765572      0.8415414         0.1023799  
    0.8798429        0.08967672      0.8798429         0.1212375  
    0.9183302           0.10082      0.9183302         0.1426795  
    0.9551316         0.1101996      0.9551316          0.174128  
    0.9845601         0.1656487      0.9845601         0.2257643  
            1         0.2108855              1         0.4047723  

