    # X       C:/Users/Gebruiker/source/repos/AircraftAerodynamics/AircraftAerodynamics/Assignment1/NACA0009_xz.dat-Re= 1000000-Alpha= 5.00-NCrit=  9.0-XTrTop=0.050-XtrBot=0.998         X       C:/Users/Gebruiker/source/repos/AircraftAerodynamics/AircraftAerodynamics/Assignment1/NACA0009_xz.dat-Re= 1000000-Alpha= 5.00_Inviscid    
            1         0.1410048              1         0.4131835  
      0.99572         0.1057184        0.99572         0.2403127  
      0.98296        0.06614416        0.98296         0.1337543  
      0.96194        0.02168129        0.96194         0.0610949  
      0.93301       -0.01985062        0.93301       0.009630223  
      0.89668       -0.05973679        0.89668       -0.03573941  
      0.85355        -0.0978648        0.85355       -0.07676579  
      0.80438        -0.1367248        0.80438         -0.117819  
         0.75         -0.177729           0.75         -0.160701  
      0.69134         -0.220466        0.69134        -0.2046165  
      0.62941        -0.2668584        0.62941        -0.2520965  
      0.56526        -0.3169638        0.56526        -0.3029523  
          0.5         -0.372171            0.5        -0.3587977  
      0.43474        -0.4326826        0.43474        -0.4196297  
      0.37059        -0.5011243        0.37059        -0.4884075  
      0.33928        -0.5383011        0.33928        -0.5255651  
      0.30866        -0.5780161        0.30866        -0.5653346  
      0.27886        -0.6212211        0.27886        -0.6089902  
         0.25        -0.6636201           0.25        -0.6507058  
      0.22221        -0.7127382        0.22221        -0.7002944  
      0.19562        -0.7634632        0.19562        -0.7509159  
      0.17033        -0.8211528        0.17033        -0.8095647  
      0.14645        -0.8822527        0.14645        -0.8720397  
      0.12408        -0.9504987        0.12408        -0.9440698  
      0.10332         -1.019487        0.10332         -1.020163  
      0.08427         -1.093863        0.08427            -1.107  
      0.06699         -1.195958        0.06699         -1.221277  
      0.05156         -1.520813        0.05156         -1.374229  
      0.03806         -1.751129        0.03806          -1.59273  
      0.02653         -1.897751        0.02653         -1.860063  
      0.01704         -2.147677        0.01704         -2.153725  
      0.00961         -2.360915        0.00961         -2.336091  
      0.00428         -2.402507        0.00428         -2.370875  
      0.00107         -2.646505        0.00107         -2.529926  
            0         -2.170231              0          -2.13074  
      0.00107          0.245548        0.00107         0.2806925  
      0.00428         0.9280437        0.00428         0.9388988  
      0.00961         0.9852887        0.00961         0.9804832  
      0.01704         0.8533177        0.01704          0.841331  
      0.02653         0.7025644        0.02653          0.687037  
      0.03806         0.5763608        0.03806         0.5615782  
      0.05156          0.480843        0.05156         0.4656437  
      0.06699          0.399874        0.06699         0.3858014  
      0.08427         0.3322619        0.08427         0.3183366  
      0.10332         0.2732617        0.10332         0.2597559  
      0.12408         0.2244136        0.12408         0.2113794  
      0.14645         0.1858288        0.14645         0.1734948  
      0.17033         0.1536937        0.17033         0.1416431  
      0.19562         0.1280251        0.19562         0.1165604  
      0.22221         0.1060202        0.22221        0.09464867  
         0.25        0.08908316           0.25        0.07830801  
      0.27886        0.07380509        0.27886        0.06279259  
      0.30866        0.06329527        0.30866        0.05290398  
      0.33928        0.05497518        0.33928         0.0447114  
      0.37059        0.04817892        0.37059        0.03786427  
      0.43474        0.04020324        0.43474        0.02999878  
          0.5        0.03721917            0.5        0.02674894  
      0.56526         0.0382969        0.56526        0.02731136  
      0.62941        0.04221617        0.62941        0.03015122  
      0.69134        0.04903708        0.69134        0.03526815  
         0.75        0.05850275           0.75        0.04156629  
      0.80438        0.07242684        0.80438        0.05042118  
      0.85355        0.09141607        0.85355        0.06064977  
      0.89668         0.1114874        0.89668        0.07338965  
      0.93301         0.1210152        0.93301         0.0924122  
      0.96194         0.1232889        0.96194         0.1194388  
      0.98296         0.1223247        0.98296         0.1692274  
      0.99572          0.120778        0.99572         0.2559677  
            1         0.1410048              1         0.4131835  

